jarvis2026@jarvis-HP:~/Documents/Repos/Semester-6 Assignments and Projects/PDC/Assignment 1/Task 3$ g++ V3.cpp -o main && ./main

------------------------
	V3
------------------------

Data Percentage 10%
Time : 423ms
Threads Used : 1
Chunk Size : 916417 elements processed.
Source : 0
Reachable : 69796
Maximum distance : 33
0 1
1 4
2 29
3 30
4 15
5 8
6 2
7 14
8 74
9 238
10 268
11 414
12 1402
13 3348
14 6759
15 9395
16 9267
17 8185
18 7709
19 6722
20 4593
21 3297
22 2423
23 1876
24 1377
25 873
26 643
27 345
28 165
29 91
30 19
31 103
32 106
33 1

Data Percentage 10%
Time : 418ms
Threads Used : 2
Chunk Size : 458208 elements processed.
Source : 0
Reachable : 69796
Maximum distance : 33
0 1
1 4
2 29
3 30
4 15
5 8
6 2
7 14
8 74
9 238
10 268
11 414
12 1402
13 3348
14 6759
15 9395
16 9267
17 8185
18 7709
19 6722
20 4593
21 3297
22 2423
23 1876
24 1377
25 873
26 643
27 345
28 165
29 91
30 19
31 103
32 106
33 1

Data Percentage 10%
Time : 444ms
Threads Used : 4
Chunk Size : 229104 elements processed.
Source : 0
Reachable : 69796
Maximum distance : 33
0 1
1 4
2 29
3 30
4 15
5 8
6 2
7 14
8 74
9 238
10 268
11 414
12 1402
13 3348
14 6759
15 9395
16 9267
17 8185
18 7709
19 6722
20 4593
21 3297
22 2423
23 1876
24 1377
25 873
26 643
27 345
28 165
29 91
30 19
31 103
32 106
33 1

Data Percentage 10%
Time : 446ms
Threads Used : 8
Chunk Size : 114552 elements processed.
Source : 0
Reachable : 69796
Maximum distance : 33
0 1
1 4
2 29
3 30
4 15
5 8
6 2
7 14
8 74
9 238
10 268
11 414
12 1402
13 3348
14 6759
15 9395
16 9267
17 8185
18 7709
19 6722
20 4593
21 3297
22 2423
23 1876
24 1377
25 873
26 643
27 345
28 165
29 91
30 19
31 103
32 106
33 1

Data Percentage 50%
Time : 4112ms
Threads Used : 1
Chunk Size : 916423 elements processed.
Source : 0
Reachable : 363354
Maximum distance : 25
0 1
1 4
2 29
3 126
4 280
5 593
6 1449
7 3772
8 11720
9 25797
10 44891
11 71431
12 78165
13 58716
14 31912
15 15975
16 8344
17 4690
18 2394
19 1571
20 693
21 520
22 203
23 59
24 18
25 1

Data Percentage 50%
Time : 3365ms
Threads Used : 2
Chunk Size : 458211 elements processed.
Source : 0
Reachable : 363354
Maximum distance : 25
0 1
1 4
2 29
3 126
4 280
5 593
6 1449
7 3772
8 11720
9 25797
10 44891
11 71431
12 78165
13 58716
14 31912
15 15975
16 8344
17 4690
18 2394
19 1571
20 693
21 520
22 203
23 59
24 18
25 1

Data Percentage 50%
Time : 3584ms
Threads Used : 4
Chunk Size : 229105 elements processed.
Source : 0
Reachable : 363352
Maximum distance : 25
0 1
1 4
2 29
3 126
4 280
5 593
6 1449
7 3772
8 11720
9 25797
10 44891
11 71430
12 78165
13 58715
14 31912
15 15975
16 8344
17 4690
18 2394
19 1571
20 693
21 520
22 203
23 59
24 18
25 1

Data Percentage 50%
Time : 3067ms
Threads Used : 8
Chunk Size : 114552 elements processed.
Source : 0
Reachable : 363348
Maximum distance : 25
0 1
1 4
2 29
3 126
4 280
5 593
6 1449
7 3772
8 11720
9 25797
10 44891
11 71428
12 78163
13 58715
14 31912
15 15975
16 8344
17 4690
18 2394
19 1571
20 693
21 520
22 203
23 59
24 18
25 1

Data Percentage 100%
Time : 6312ms
Threads Used : 1
Chunk Size : 916427 elements processed.
Source : 0
Reachable : 600491
Maximum distance : 32
0 1
1 4
2 29
3 141
4 430
5 1017
6 2500
7 6870
8 22533
9 58616
10 113798
11 141174
12 120939
13 68631
14 33313
15 16294
16 7537
17 3559
18 1654
19 791
20 298
21 224
22 58
23 33
24 9
25 14
26 5
27 4
28 4
29 3
30 2
31 3
32 3

Data Percentage 100%
Time : 6340ms
Threads Used : 2
Chunk Size : 458213 elements processed.
Source : 0
Reachable : 600490
Maximum distance : 32
0 1
1 4
2 29
3 141
4 430
5 1017
6 2499
7 6870
8 22533
9 58616
10 113798
11 141174
12 120939
13 68631
14 33313
15 16294
16 7537
17 3559
18 1654
19 791
20 298
21 224
22 58
23 33
24 9
25 14
26 5
27 4
28 4
29 3
30 2
31 3
32 3

Data Percentage 100%
Time : 6292ms
Threads Used : 4
Chunk Size : 229106 elements processed.
Source : 0
Reachable : 600489
Maximum distance : 32
0 1
1 4
2 29
3 141
4 430
5 1017
6 2498
7 6870
8 22533
9 58616
10 113798
11 141174
12 120939
13 68631
14 33313
15 16294
16 7537
17 3559
18 1654
19 791
20 298
21 224
22 58
23 33
24 9
25 14
26 5
27 4
28 4
29 3
30 2
31 3
32 3

Data Percentage 100%
Time : 6264ms
Threads Used : 8
Chunk Size : 114553 elements processed.
Source : 0
Reachable : 600489
Maximum distance : 32
0 1
1 4
2 29
3 141
4 430
5 1017
6 2498
7 6870
8 22533
9 58616
10 113798
11 141174
12 120939
13 68631
14 33313
15 16294
16 7537
17 3559
18 1654
19 791
20 298
21 224
22 58
23 33
24 9
25 14
26 5
27 4
28 4
29 3
30 2
31 3
32 3
jarvis2026@jarvis-HP:~/Documents/Repos/Semester-6 Assignments and Projects/PDC/Assignment 1/Task 3$ g++ V3.cpp -o main && ./main

------------------------
	V3
------------------------

Data Percentage 10%
Time : 402ms
Threads Used : 1
Chunk Size : 916417 elements processed.
Source : 0
Reachable : 69796
Maximum distance : 33
0 1
1 4
2 29
3 30
4 15
5 8
6 2
7 14
8 74
9 238
10 268
11 414
12 1402
13 3348
14 6759
15 9395
16 9267
17 8185
18 7709
19 6722
20 4593
21 3297
22 2423
23 1876
24 1377
25 873
26 643
27 345
28 165
29 91
30 19
31 103
32 106
33 1

Data Percentage 10%
Time : 366ms
Threads Used : 2
Chunk Size : 458208 elements processed.
Source : 0
Reachable : 69796
Maximum distance : 33
0 1
1 4
2 29
3 30
4 15
5 8
6 2
7 14
8 74
9 238
10 268
11 414
12 1402
13 3348
14 6759
15 9395
16 9267
17 8185
18 7709
19 6722
20 4593
21 3297
22 2423
23 1876
24 1377
25 873
26 643
27 345
28 165
29 91
30 19
31 103
32 106
33 1

Data Percentage 10%
Time : 357ms
Threads Used : 4
Chunk Size : 229104 elements processed.
Source : 0
Reachable : 69796
Maximum distance : 33
0 1
1 4
2 29
3 30
4 15
5 8
6 2
7 14
8 74
9 238
10 268
11 414
12 1402
13 3348
14 6759
15 9395
16 9267
17 8185
18 7709
19 6722
20 4593
21 3297
22 2423
23 1876
24 1377
25 873
26 643
27 345
28 165
29 91
30 19
31 103
32 106
33 1

Data Percentage 10%
Time : 352ms
Threads Used : 8
Chunk Size : 114552 elements processed.
Source : 0
Reachable : 69796
Maximum distance : 33
0 1
1 4
2 29
3 30
4 15
5 8
6 2
7 14
8 74
9 238
10 268
11 414
12 1402
13 3348
14 6759
15 9395
16 9267
17 8185
18 7709
19 6722
20 4593
21 3297
22 2423
23 1876
24 1377
25 873
26 643
27 345
28 165
29 91
30 19
31 103
32 106
33 1

Data Percentage 50%
Time : 3203ms
Threads Used : 1
Chunk Size : 916423 elements processed.
Source : 0
Reachable : 363354
Maximum distance : 25
0 1
1 4
2 29
3 126
4 280
5 593
6 1449
7 3772
8 11720
9 25797
10 44891
11 71431
12 78165
13 58716
14 31912
15 15975
16 8344
17 4690
18 2394
19 1571
20 693
21 520
22 203
23 59
24 18
25 1

Data Percentage 50%
Time : 3143ms
Threads Used : 2
Chunk Size : 458211 elements processed.
Source : 0
Reachable : 363354
Maximum distance : 25
0 1
1 4
2 29
3 126
4 280
5 593
6 1449
7 3772
8 11720
9 25797
10 44891
11 71431
12 78165
13 58716
14 31912
15 15975
16 8344
17 4690
18 2394
19 1571
20 693
21 520
22 203
23 59
24 18
25 1

Data Percentage 50%
Time : 3148ms
Threads Used : 4
Chunk Size : 229105 elements processed.
Source : 0
Reachable : 363352
Maximum distance : 25
0 1
1 4
2 29
3 126
4 280
5 593
6 1449
7 3772
8 11720
9 25797
10 44891
11 71430
12 78165
13 58715
14 31912
15 15975
16 8344
17 4690
18 2394
19 1571
20 693
21 520
22 203
23 59
24 18
25 1

Data Percentage 50%
Time : 3138ms
Threads Used : 8
Chunk Size : 114552 elements processed.
Source : 0
Reachable : 363348
Maximum distance : 25
0 1
1 4
2 29
3 126
4 280
5 593
6 1449
7 3772
8 11720
9 25797
10 44891
11 71428
12 78163
13 58715
14 31912
15 15975
16 8344
17 4690
18 2394
19 1571
20 693
21 520
22 203
23 59
24 18
25 1

Data Percentage 100%
Time : 6510ms
Threads Used : 1
Chunk Size : 916427 elements processed.
Source : 0
Reachable : 600491
Maximum distance : 32
0 1
1 4
2 29
3 141
4 430
5 1017
6 2500
7 6870
8 22533
9 58616
10 113798
11 141174
12 120939
13 68631
14 33313
15 16294
16 7537
17 3559
18 1654
19 791
20 298
21 224
22 58
23 33
24 9
25 14
26 5
27 4
28 4
29 3
30 2
31 3
32 3

Data Percentage 100%
Time : 6430ms
Threads Used : 2
Chunk Size : 458213 elements processed.
Source : 0
Reachable : 600490
Maximum distance : 32
0 1
1 4
2 29
3 141
4 430
5 1017
6 2499
7 6870
8 22533
9 58616
10 113798
11 141174
12 120939
13 68631
14 33313
15 16294
16 7537
17 3559
18 1654
19 791
20 298
21 224
22 58
23 33
24 9
25 14
26 5
27 4
28 4
29 3
30 2
31 3
32 3

Data Percentage 100%
Time : 6428ms
Threads Used : 4
Chunk Size : 229106 elements processed.
Source : 0
Reachable : 600489
Maximum distance : 32
0 1
1 4
2 29
3 141
4 430
5 1017
6 2498
7 6870
8 22533
9 58616
10 113798
11 141174
12 120939
13 68631
14 33313
15 16294
16 7537
17 3559
18 1654
19 791
20 298
21 224
22 58
23 33
24 9
25 14
26 5
27 4
28 4
29 3
30 2
31 3
32 3

Data Percentage 100%
Time : 6468ms
Threads Used : 8
Chunk Size : 114553 elements processed.
Source : 0
Reachable : 600489
Maximum distance : 32
0 1
1 4
2 29
3 141
4 430
5 1017
6 2498
7 6870
8 22533
9 58616
10 113798
11 141174
12 120939
13 68631
14 33313
15 16294
16 7537
17 3559
18 1654
19 791
20 298
21 224
22 58
23 33
24 9
25 14
26 5
27 4
28 4
29 3
30 2
31 3
32 3
jarvis2026@jarvis-HP:~/Documents/Repos/Semester-6 Assignments and Projects/PDC/Assignment 1/Task 3$ g++ V3.cpp -o main && ./main

------------------------
	V3
------------------------

Data Percentage 10%
Time : 397ms
Threads Used : 1
Chunk Size : 916417 elements processed.
Source : 0
Reachable : 69796
Maximum distance : 33
0 1
1 4
2 29
3 30
4 15
5 8
6 2
7 14
8 74
9 238
10 268
11 414
12 1402
13 3348
14 6759
15 9395
16 9267
17 8185
18 7709
19 6722
20 4593
21 3297
22 2423
23 1876
24 1377
25 873
26 643
27 345
28 165
29 91
30 19
31 103
32 106
33 1

Data Percentage 10%
Time : 428ms
Threads Used : 2
Chunk Size : 458208 elements processed.
Source : 0
Reachable : 69796
Maximum distance : 33
0 1
1 4
2 29
3 30
4 15
5 8
6 2
7 14
8 74
9 238
10 268
11 414
12 1402
13 3348
14 6759
15 9395
16 9267
17 8185
18 7709
19 6722
20 4593
21 3297
22 2423
23 1876
24 1377
25 873
26 643
27 345
28 165
29 91
30 19
31 103
32 106
33 1

Data Percentage 10%
Time : 427ms
Threads Used : 4
Chunk Size : 229104 elements processed.
Source : 0
Reachable : 69796
Maximum distance : 33
0 1
1 4
2 29
3 30
4 15
5 8
6 2
7 14
8 74
9 238
10 268
11 414
12 1402
13 3348
14 6759
15 9395
16 9267
17 8185
18 7709
19 6722
20 4593
21 3297
22 2423
23 1876
24 1377
25 873
26 643
27 345
28 165
29 91
30 19
31 103
32 106
33 1

Data Percentage 10%
Time : 365ms
Threads Used : 8
Chunk Size : 114552 elements processed.
Source : 0
Reachable : 69796
Maximum distance : 33
0 1
1 4
2 29
3 30
4 15
5 8
6 2
7 14
8 74
9 238
10 268
11 414
12 1402
13 3348
14 6759
15 9395
16 9267
17 8185
18 7709
19 6722
20 4593
21 3297
22 2423
23 1876
24 1377
25 873
26 643
27 345
28 165
29 91
30 19
31 103
32 106
33 1

Data Percentage 50%
Time : 3180ms
Threads Used : 1
Chunk Size : 916423 elements processed.
Source : 0
Reachable : 363354
Maximum distance : 25
0 1
1 4
2 29
3 126
4 280
5 593
6 1449
7 3772
8 11720
9 25797
10 44891
11 71431
12 78165
13 58716
14 31912
15 15975
16 8344
17 4690
18 2394
19 1571
20 693
21 520
22 203
23 59
24 18
25 1

Data Percentage 50%
Time : 3106ms
Threads Used : 2
Chunk Size : 458211 elements processed.
Source : 0
Reachable : 363354
Maximum distance : 25
0 1
1 4
2 29
3 126
4 280
5 593
6 1449
7 3772
8 11720
9 25797
10 44891
11 71431
12 78165
13 58716
14 31912
15 15975
16 8344
17 4690
18 2394
19 1571
20 693
21 520
22 203
23 59
24 18
25 1

Data Percentage 50%
Time : 3134ms
Threads Used : 4
Chunk Size : 229105 elements processed.
Source : 0
Reachable : 363352
Maximum distance : 25
0 1
1 4
2 29
3 126
4 280
5 593
6 1449
7 3772
8 11720
9 25797
10 44891
11 71430
12 78165
13 58715
14 31912
15 15975
16 8344
17 4690
18 2394
19 1571
20 693
21 520
22 203
23 59
24 18
25 1

Data Percentage 50%
Time : 3145ms
Threads Used : 8
Chunk Size : 114552 elements processed.
Source : 0
Reachable : 363348
Maximum distance : 25
0 1
1 4
2 29
3 126
4 280
5 593
6 1449
7 3772
8 11720
9 25797
10 44891
11 71428
12 78163
13 58715
14 31912
15 15975
16 8344
17 4690
18 2394
19 1571
20 693
21 520
22 203
23 59
24 18
25 1

Data Percentage 100%
Time : 6346ms
Threads Used : 1
Chunk Size : 916427 elements processed.
Source : 0
Reachable : 600491
Maximum distance : 32
0 1
1 4
2 29
3 141
4 430
5 1017
6 2500
7 6870
8 22533
9 58616
10 113798
11 141174
12 120939
13 68631
14 33313
15 16294
16 7537
17 3559
18 1654
19 791
20 298
21 224
22 58
23 33
24 9
25 14
26 5
27 4
28 4
29 3
30 2
31 3
32 3

Data Percentage 100%
Time : 6324ms
Threads Used : 2
Chunk Size : 458213 elements processed.
Source : 0
Reachable : 600490
Maximum distance : 32
0 1
1 4
2 29
3 141
4 430
5 1017
6 2499
7 6870
8 22533
9 58616
10 113798
11 141174
12 120939
13 68631
14 33313
15 16294
16 7537
17 3559
18 1654
19 791
20 298
21 224
22 58
23 33
24 9
25 14
26 5
27 4
28 4
29 3
30 2
31 3
32 3

Data Percentage 100%
Time : 6382ms
Threads Used : 4
Chunk Size : 229106 elements processed.
Source : 0
Reachable : 600489
Maximum distance : 32
0 1
1 4
2 29
3 141
4 430
5 1017
6 2498
7 6870
8 22533
9 58616
10 113798
11 141174
12 120939
13 68631
14 33313
15 16294
16 7537
17 3559
18 1654
19 791
20 298
21 224
22 58
23 33
24 9
25 14
26 5
27 4
28 4
29 3
30 2
31 3
32 3

Data Percentage 100%
Time : 6374ms
Threads Used : 8
Chunk Size : 114553 elements processed.
Source : 0
Reachable : 600489
Maximum distance : 32
0 1
1 4
2 29
3 141
4 430
5 1017
6 2498
7 6870
8 22533
9 58616
10 113798
11 141174
12 120939
13 68631
14 33313
15 16294
16 7537
17 3559
18 1654
19 791
20 298
21 224
22 58
23 33
24 9
25 14
26 5
27 4
28 4
29 3
30 2
31 3
32 3
jarvis2026@jarvis-HP:~/Documents/Repos/Semester-6 Assignments and Projects/PDC/Assignment 1/Task 3$ 

